c Popularity-Similarity SAT Instance Generator
c Created by Jesús Giráldez Crú and Jordi Levy
c
c #variable     n = 20
c #clauses      m = 58
c minClauseSize K = 2
c avgClauseSize k = 4
c betaVar       b = 1
c betaClau      B = 1
c temperature   T = 0
c #edges     size = 348
c
p cnf 20 58
-12 -6 -11 -9 1 -19 2 -7 -18 0
12 -9 11 1 -7 -4 -6 18 0
1 9 0
12 -9 -11 1 7 4 6 18 19 -2 16 14 -3 -20 -13 10 0
12 11 9 -1 -16 0
18 9 0
-1 -15 18 -9 0
12 9 -11 -7 4 1 0
11 -12 -19 -9 0
-12 -9 -11 1 -7 -4 -18 6 19 0
-9 12 0
3 -18 -9 14 1 13 -12 -10 17 20 -11 5 -8 7 -4 15 -16 6 -2 19 0
-1 12 0
-10 -17 -9 13 -18 -12 3 14 1 0
9 12 0
-9 4 12 -7 0
9 -12 0
-9 12 0
9 12 0
9 -12 -4 7 11 -1 -18 6 14 -19 -2 -3 16 -13 8 -10 -20 -17 -15 -5 0
-9 -12 0
16 -12 9 0
12 1 9 11 16 18 2 -19 -14 7 -6 20 -4 -3 0
18 9 5 -1 20 -14 12 3 11 -13 -15 10 17 7 8 -4 -16 0
9 -12 -7 4 -11 -1 -18 0
-9 12 -8 18 1 -11 14 7 -3 10 -13 4 17 -20 0
9 12 0
9 -8 12 18 1 14 -11 -10 3 13 7 -17 4 -20 0
5 -18 -1 -9 -20 -14 12 -3 0
-11 12 9 2 0
1 9 12 18 0
9 8 -12 0
-1 -12 0
-9 -7 12 4 11 0
-7 9 -12 -4 -11 0
-13 17 9 10 -18 -3 -14 -12 1 0
-9 -3 -18 -13 -14 -12 -1 -10 -17 0
18 9 0
9 12 0
9 -12 7 11 4 -1 0
-9 -12 18 1 -10 -13 14 3 8 -17 -11 -7 20 4 5 -15 -6 -16 2 -19 0
9 -12 -7 -11 -1 -18 4 0
-9 -10 13 18 12 -17 -1 14 3 0
16 -12 0
9 12 18 0
14 -3 -18 9 0
-1 12 0
9 12 -8 0
-3 -9 18 14 0
1 -9 0
9 7 12 -4 11 0
-20 18 -1 9 5 -12 14 -3 0
-9 12 0
1 -12 9 0
-12 11 -9 -16 1 0
9 12 0
-1 -12 9 0
-12 -16 0
